0 0 0 0 0 0 0 0 0 0 0 0 11333
0 0 0 0 0 0 0 0 0 0 0 0 7385
4826 5475 5677 3018 29765 5051 6128 4871 7128 15577 7626 12369 158057
3585 4354 4469 1040 0 0 0 0 0 0 0 0 24635
4075 4456 4681 1277 0 0 0 0 0 0 0 0 24281
3585 4054 4351 1235 0 3938 4973 3754 5844 11684 7343 18968 602565
0 0 0 0 0 0 0 0 0 6047 8851 7007 198418
4703 4574 4949 14047 0 4564 7323 5556 6911 12231 6454 5843 181181
3891 4550 4420 3287 0 5604 4824 4254 4699 7413 6035 8775 235811
4155 3996 4935 1112 0 3461 4734 3224 5015 7861 7028 6048 68132
4234 5019 4063 3959 0 3381 0 0 0 0 0 0 301306
3952 6771 4399 1016 0 4336 4686 0 0 0 0 0 45200
4150 3798 4217 2672 0 3533 0 0 0 0 0 0 275854
3837 3864 4248 1156 0 3971 5660 3746 4283 7196 5472 6678 80945
3587 4372 4092 1611 0 3977 5008 3977 4624 6040 5589 6129 75151
3661 3694 3992 1099 0 4527 6258 3475 4232 5883 4214 7452 64891
0 0 0 0 0 0 0 0 0 0 0 0 1816
2432 4508 4366 0 0 0 0 0 0 0 0 0 22439
0 0 0 0 0 0 0 0 0 0 0 0 33646
0 0 0 0 0 0 0 0 0 23827 0 0 45414
0 0 0 0 0 0 0 0 0 5651 0 0 746024
0 0 0 0 0 0 0 0 0 0 0 0 10192
0 0 0 0 0 0 0 0 0 0 0 0 1703
0 0 0 0 0 0 0 0 0 0 0 0 18031
0 0 0 0 0 0 0 0 0 0 0 0 70276
3701 4770 5553 4749 0 7688 6554 4547 6671 13569 5907 0 168434
0 0 0 0 0 0 0 0 0 6783 3984 0 40680
0 0 0 0 0 0 0 0 0 12829 4114 0 40944
0 0 0 0 0 0 0 0 0 6110 4543 0 46845
0 0 0 0 0 0 0 0 0 13622 5032 0 46729
0 0 0 0 0 0 0 0 0 13136 3807 0 41805
0 0 0 0 0 0 0 0 0 11739 3947 0 103418
0 0 0 0 0 0 0 0 0 0 0 0 535
0 0 0 0 0 0 0 0 0 11025 4262 4643 32271
0 0 0 0 0 0 0 0 0 9854 3682 4176 31014
3900 4628 4371 4186 0 3878 5411 3764 4852 9131 5288 5857 88680
0 0 0 0 0 0 0 0 0 0 0 0 50555
0 0 0 0 0 0 0 0 0 0 0 0 65004
0 0 0 0 0 0 0 0 0 0 0 0 27952
0 0 0 0 0 0 0 0 0 0 0 0 144062
0 0 0 0 0 0 0 0 0 0 0 0 14243
0 0 0 0 0 0 0 0 0 0 0 0 15565
0 0 0 0 0 0 0 0 0 0 0 0 79548
0 0 0 0 0 0 0 0 0 0 0 0 21498
0 0 0 0 0 0 0 0 0 0 0 0 31518
0 0 0 0 0 0 0 0 0 0 0 0 25334
0 0 0 0 0 0 0 0 0 0 0 0 16209
0 0 0 0 0 0 0 0 0 0 0 0 10245
8969 10500 7808 3784 0 9860 8137 6119 13324 80917 16843 11333 507366
0 0 0 0 0 0 0 0 0 0 0 0 11221
3804 3964 4043 1149 0 0 0 0 0 0 0 0 277795
0 0 0 0 0 7804 0 0 0 0 0 0 263311
0 0 0 0 0 0 0 0 0 0 0 0 134298
0 0 0 0 0 0 0 5245 0 0 0 0 11324
0 0 0 0 0 0 0 3838 0 0 0 0 115059
0 0 0 0 0 0 0 3215 0 0 0 0 18666
0 0 0 0 0 0 0 3409 0 0 0 0 15380
3596 3838 3988 1197 0 3682 4440 3855 6073 10432 8485 9018 79980
0 0 0 0 0 0 0 3772 7241 0 0 0 16760
0 0 0 0 0 0 0 7089 0 0 0 0 13845
0 0 0 0 0 3807 9929 3910 6853 11568 8390 8928 68117
0 0 0 0 0 0 0 0 0 20690 4984 5349 24316
3625 4421 4586 1024 0 5047 6750 4255 0 0 0 0 239664
4246 4275 4281 925 0 5926 16817 3441 6896 129667 13014 8537 207374
0 0 0 0 0 0 0 0 0 0 3998 3790 36693
0 0 0 0 0 0 0 0 0 29397 9745 5490 47593
0 0 0 0 0 0 0 0 0 0 4940 5123 85326
0 0 0 0 0 0 0 0 0 0 0 0 8768
0 0 0 0 0 0 0 0 0 66618 7644 13263 72273
0 0 0 0 0 0 0 0 0 22161 5070 7575 35008
28774 21384 14347 16003 0 8721 11825 9983 20431 69067 11688 26895 272004
61481 0 0 0 0 0 0 0 0 0 0 0 170951
36551 14283 12436 0 0 0 0 0 0 0 0 0 202039
4536 5073 8815 2149 0 0 0 4339 0 0 0 0 10170162
0 0 0 0 0 0 0 0 0 0 0 0 297948
0 0 0 0 0 0 0 0 0 0 0 0 44988
30740 17688 12933 8783 0 10215 17561 12093 13236 93418 33851 38384 261848
6720 0 0 0 0 0 0 0 0 0 0 0 26071
0 0 0 0 0 0 0 0 0 0 0 0 24455
0 0 0 0 0 0 0 0 0 0 0 0 15276
0 0 0 0 0 0 0 0 0 0 0 0 38588
6259 0 0 0 0 0 0 0 0 0 0 0 100170
0 0 0 0 0 0 0 0 0 0 0 0 7210
5237 0 0 0 0 0 0 0 0 0 0 0 11618
4922 5584 0 0 0 0 0 0 0 0 0 0 18578
6548 7259 7530 1482 0 8891 11036 6514 0 0 0 0 73810
0 0 0 0 0 0 0 18037 0 0 0 0 45049
0 0 0 0 0 0 0 0 0 0 0 0 15844
0 0 0 0 0 0 0 8732 0 0 0 0 22249
0 0 0 0 0 0 0 6655 0 0 0 0 11793
0 0 0 0 0 6036 8130 5787 7890 0 0 0 1516038
0 0 0 0 0 6470 7382 6064 9822 0 0 0 87796
0 0 0 0 0 0 0 0 0 0 7568 9721 128859
0 0 0 0 0 0 0 0 0 32067 11785 8906 36717
0 0 0 0 0 0 0 0 0 0 0 6809 25092
0 0 0 0 0 6199 7913 5730 12363 0 0 0 43830
0 0 0 0 0 5769 8393 6339 0 0 137288 7445 234986
8726 0 0 0 0 0 0 0 0 0 0 0 21536
9415 0 0 0 0 0 0 0 0 0 0 0 14877
0 0 0 0 0 0 0 0 0 0 0 0 63034
5982 0 0 0 0 0 0 0 0 0 0 0 15205
6047 7218 0 0 0 0 0 0 0 0 0 0 163726
0 0 0 0 0 0 0 0 0 0 0 0 37475
0 0 0 0 0 0 0 0 0 0 0 0 18821
6176 7646 7566 1709 0 6227 8656 6581 10901 61730 14580 8648 142598
5531 0 0 0 0 0 0 0 0 0 0 0 30461
4596 4751 5250 3368 0 4673 5643 4040 7355 21511 5997 5959 84975
4845 4526 5098 1409 0 4659 6776 4776 5687 26608 5451 6201 95969
4321 4599 0 0 0 0 0 0 0 0 0 0 12974
7237 0 0 0 0 0 0 0 0 0 0 0 10808
4846 0 0 0 0 0 0 0 0 0 0 0 10075
4529 5504 5531 2474 0 4664 5982 4490 7302 0 5605 5815 87685
0 0 0 0 0 0 0 0 0 18430 4765 5715 20516
0 0 0 0 0 0 0 0 0 0 0 5629 15073
0 0 0 0 0 0 0 0 0 0 5094 4849 19701
0 0 0 0 0 0 0 0 0 0 5283 5179 17766
0 0 0 0 0 0 0 0 0 0 0 5241 23801
0 0 0 0 0 0 0 0 0 0 6604 6127 19770
0 0 0 0 0 0 0 0 0 20937 4730 5577 23159
0 0 0 0 0 0 0 0 0 0 6580 6111 24291
0 0 0 0 0 0 0 0 0 0 10977 5706 27134
13188 6603 10762 1012 0 5595 30827 46378 9110 52955 13935 7836 263860
6817 12794 28153 1019 0 4634 13391 6220 23109 26228 5493 7886 178802
0 0 0 0 0 0 0 0 0 31465 8214 6606 37661
0 0 0 0 0 0 0 0 0 0 0 0 26230
0 0 0 0 0 0 0 0 0 0 0 0 7232
0 0 0 0 0 0 0 0 0 42008 7439 9041 56366
6823 6799 6799 1228 0 8082 7774 6231 196193 56739 6819 30820 398652
0 0 0 0 0 0 0 0 0 38324 10265 11263 97173
0 0 0 0 0 0 0 0 0 0 0 0 6526
0 0 0 0 0 0 0 0 0 0 0 0 8321
0 0 0 0 0 0 0 0 0 0 0 0 7441
0 0 0 0 0 0 0 0 0 0 0 0 8970
0 0 0 0 0 0 0 0 0 0 0 0 6877
0 0 0 0 0 0 0 0 0 28881 6381 6831 42572
0 0 0 0 0 0 0 0 0 0 0 0 20156
0 0 0 0 0 0 0 0 0 0 0 0 7246
0 0 0 0 0 0 0 0 0 0 0 0 7322
0 0 0 0 0 0 0 0 0 0 0 0 5595
0 0 0 0 0 0 0 0 0 31661 10009 5426 38839
0 0 0 0 0 0 0 0 0 0 0 0 12903
4811 0 0 0 0 0 0 0 0 24585 4347 8020 136159
0 0 0 0 0 0 0 0 0 33384 6144 6656 44645
18441 0 0 0 0 0 0 0 0 100756 60876 16861 296148
34020 0 0 0 0 0 0 0 0 184056 19187 54430 319926
3682 0 0 0 0 0 0 0 0 0 0 0 14719
0 0 0 0 0 0 0 0 0 81772 3703 4425 93687
2292 2651 3488 1053 0 0 0 0 0 41570 2617 13617 96753
0 0 0 0 0 2763 6682 4754 0 0 0 3604 50969
0 0 0 0 0 0 0 0 0 0 0 0 11755
0 0 0 0 0 0 0 0 0 0 0 0 8378
0 0 0 0 0 0 0 0 0 0 0 0 9347
0 0 0 0 0 0 0 0 0 0 0 0 6128
0 0 0 0 0 0 0 0 0 0 0 0 4268
0 0 0 0 0 0 0 0 0 0 0 0 7254
9688 0 0 0 0 0 0 0 0 0 0 0 20093
0 0 0 0 0 0 0 0 0 0 0 0 6989
0 0 0 0 0 0 0 0 0 0 0 0 10139
0 0 0 0 0 0 0 0 0 0 0 0 6137
0 0 0 0 0 0 0 0 0 0 0 0 4801
0 0 0 0 0 0 0 0 0 0 0 0 5439
0 0 0 0 0 0 0 0 0 0 0 0 4520
0 0 0 0 0 0 0 0 0 0 0 0 8102
2750 7959 3434 1090 0 11150 9924 12415 0 39978 4500 13215 235880
0 0 0 0 0 0 0 0 0 0 0 0 5232
2480 2913 4714 0 0 0 0 8660 0 0 0 0 60211
0 0 0 0 0 0 0 0 0 0 0 8605 19092
0 0 0 0 0 0 0 0 0 0 0 0 16015
0 0 0 0 0 0 0 4521 0 0 0 0 19997
0 0 0 0 0 4357 11251 4255 0 0 0 0 48828
0 0 0 0 0 4780 0 9061 0 0 0 0 30312
