19463 56513 11627 1006 0 26365 36990 14018 0 57897 16075 15857 407514 3418 7202 12008 4186 17953 26358 3613 12597 18008 6504 3880 23700 97 11236 2000 19462 9426 17626 56513 11414 40886 10818 8011 4013 11627 10045 15854 8456 11248 16071 2595 0 4973 57889 52283 49477 55176 584 807
24044 57291 24816 5425 0 10797 21066 26282 0 89159 17954 33250 356234 6637 3830 24273 4416 2636 10790 7224 12219 9839 4110 5684 4603 94 14026 10617 24043 19034 6999 19411 16619 57290 6603 10799 9007 12006 21047 33246 11260 15827 17950 3367 0 5329 89156 88166 76486 78082 760 1159
31771 25177 24183 0 0 0 0 0 0 0 0 0 188965 0 0 0 0 0 0 0 0 0 0 0 0 0 2985 16577 31770 24373 6596 5396 18182 25177 12995 3195 24182 9791 0 0 0 0 0 0 0 0 0 0 0 0 31 62
3594 4206 2594 17780 0 4426 21666 8415 0 82788 20580 22079 236681 3000 6405 4798 4415 2350 3378 3665 2079 5700 8712 3681 7403 2015 3594 1197 2195 802 1194 2611 4205 1996 2594 1188 801 1787 14258 18904 7145 22076 20576 3442 0 6050 82784 63426 60322 66284 60 185
88802 37315 16361 20744 0 8818 43366 27749 0 125435 18179 82447 479446 3809 25739 23559 6787 8810 5043 7392 17806 10587 10901 7755 9466 169 10367 5781 31724 88801 24748 15562 37314 33730 10975 16361 14976 9774 82444 18986 207 3803 18175 3199 396 5035 125431 123408 121160 122223 344 523
31835 32231 20942 6659 0 7064 0 18934 0 0 0 0 232284 16925 14302 11470 6215 7057 5261 9265 4291 19915 0 0 0 0 2409 5634 31834 16112 5238 16726 32230 10271 12681 9263 8051 6438 0 0 0 0 0 0 0 0 0 0 0 0 118 245
0 0 0 0 0 6249 10820 4611 0 46579 7870 12785 140684 2206 1618 2601 2208 4641 6242 3982 3159 5570 5603 1977 3385 220 0 0 0 0 0 0 0 0 0 0 0 0 8982 12782 10634 6198 7866 6230 3775 5200 45230 43570 40342 46575 116 194
0 0 0 0 0 0 0 0 0 0 0 0 3066 0 0 0 0 0 0 0 0 0 0 0 0 0 0 0 0 0 0 0 0 0 0 0 0 0 0 0 0 0 0 0 0 0 0 0 0 0 3 4
20674 80306 34930 7035 0 7836 27711 17288 0 138039 12087 88645 468836 2432 15280 8867 2012 3614 7829 2783 7451 5414 11803 9391 16586 115 8020 14446 5213 20673 4416 1608 80305 42959 8828 31511 13844 19266 22816 88641 14783 17787 7446 12083 0 3416 136441 133207 138035 130015 441 761
59616 24499 26894 14659 0 7250 45181 18265 0 90263 11390 42118 385945 6638 12255 16256 7243 5435 6844 11069 3852 19039 7621 4610 7744 172 5618 15255 59615 46169 24499 10839 20084 10238 3407 23082 18459 26894 11184 42115 8157 14763 5618 11386 0 2771 84657 90259 81260 86695 396 720
19449 23296 15841 8230 0 15065 23004 8618 0 82434 19251 19420 315316 1820 2825 6610 7020 15058 6636 5379 3384 14269 8157 4373 7157 2939 4003 19449 10223 13832 12247 8834 23295 17274 3201 8416 11027 15841 1181 19416 10840 4433 19247 8182 391 9972 82431 78456 76427 80253 283 436
49778 69648 42574 24699 0 10692 70674 17703 0 111853 36687 23835 514568 7641 5640 15693 9241 10685 3605 3993 68667 10039 8735 6972 17852 10237 12034 21256 25871 49777 14244 3812 41957 69647 9055 34541 32746 5830 13377 23832 9965 19773 9835 30112 0 36683 95218 104453 111850 85572 371 616
21259 25282 9434 4618 0 4829 14043 6835 0 92596 13653 51239 284616 4825 2810 4015 3184 4822 2570 7578 6635 5579 5099 3548 13105 115 13244 5408 21259 11026 7423 10032 11039 25281 6826 9434 8829 8226 2915 51236 3508 4541 9461 3182 1 13649 92593 87565 82977 88586 165 354
37077 49719 11227 23471 0 11249 54522 37112 0 104123 14883 42595 455256 7418 16453 35103 6809 11242 5214 8215 22201 45451 3783 5460 14841 19021 4402 37076 16027 27852 40295 12627 49719 37284 7625 11227 10025 5418 11428 42592 6653 8069 10078 11868 0 14879 101124 104119 88957 89868 292 504
12033 27475 23264 11235 0 6857 54542 49518 0 158731 91318 38688 523512 4012 47508 6410 5633 6850 3407 31254 20626 32833 26785 6917 26785 347 12032 3008 8023 10029 6823 8630 27474 20853 23264 18243 14835 6213 14834 38685 6422 10206 91314 13157 6239 7973 158728 157527 150904 153893 353 570
0 0 0 0 0 0 0 0 0 0 0 0 1827 0 0 0 0 0 0 0 0 0 0 0 0 0 0 0 0 0 0 0 0 0 0 0 0 0 0 0 0 0 0 0 0 0 0 0 0 0 1 1
11827 8820 13839 7832 0 4839 29915 11652 0 53170 17683 9184 244536 4853 9643 4037 3838 2831 4832 7231 5055 6035 5608 2956 4738 111 5006 8217 11826 6610 2204 4811 6612 8819 9215 4806 799 6010 3573 9181 4624 6581 17679 3450 0 5484 53166 49726 47126 51142 161 380
0 0 0 0 0 0 0 0 0 0 0 0 4411 0 0 0 0 0 0 0 0 0 0 0 0 0 0 0 0 0 0 0 0 0 0 0 0 0 0 0 0 0 0 0 0 0 0 0 0 0 0 0
7405 14830 7424 8626 0 4003 20997 12822 0 68706 31436 12613 262282 4223 3017 10812 3996 3004 1982 6158 9752 4151 7532 3923 7123 169 2201 5404 7404 3398 9019 14829 12422 4608 2401 7424 5209 3799 5969 12610 3582 8804 31432 5547 400 6597 68703 65162 62917 66528 274 516
6408 32488 8813 11845 0 9448 10952 15443 0 0 0 20567 217883 2822 13433 10251 1393 9440 6260 4293 5301 1849 11574 1959 12127 170 6407 3601 2196 5004 9822 2403 18046 32487 2397 6405 4806 8813 18769 15969 20563 5329 0 0 0 0 0 0 0 0 386 569
17028 55344 8018 6840 0 5606 13439 12426 0 72964 13855 25620 356674 2011 3000 10417 5599 4584 3204 3162 6420 9594 5338 4120 65496 167 8814 5605 3196 17027 3411 6420 26674 55343 4405 7617 8018 1793 11020 25617 5605 20234 13851 2398 0 5216 69722 72960 64520 65970 543 880
10804 9009 20428 3620 0 4842 20827 6623 0 61445 5244 26795 242676 3596 4615 2208 2618 1607 4835 3156 11010 9776 4184 1568 4365 5207 3390 4995 10803 8604 9008 3802 2203 7608 15826 4207 2804 13819 26792 15391 2932 8389 5240 3987 2598 1375 57104 61441 52157 55246 238 413
0 0 0 0 0 0 0 0 0 0 0 0 4744 0 0 0 0 0 0 0 0 0 0 0 0 0 725 0 0 0 0 0 0 0 0 0 0 0 0 0 0 0 0 0 0 0 0 0 0 0 00
